MeshAnim
1
33
19
24
-1 0 0 0
0 1 0 0
0 0 -1 0
0.3128848 1.17268 0.4353862 1

-0.1467866 0.4189419 -0.8960701 0
-2.980232E-08 0.9058823 0.4235295 0
0.9891682 0.06216849 -0.1329713 0
0.6312785 1.037214 1.0652 1

0 0.358979 0.9333456 0
0 0.9333456 -0.358979 0
-1 0 0 0
0.8337305 0.9505558 0.07323697 1

0 0.01709136 0.999854 0
0 0.9998539 -0.01709136 0
-1 0 0 0
0.3077696 0.9736546 -0.1511514 1

-5.960464E-08 -0.06771749 -0.9977044 0
0 0.9977046 -0.06771749 0
0.9999999 0 -5.960464E-08 0
0.3077696 1.043955 1.066084 1

0 -0.358979 -0.9333456 0
0 -0.9333456 0.358979 0
-1 0 0 0
-0.2079605 0.950556 0.0732373 1

-0.1467867 -0.4189418 0.8960699 0
7.450581E-08 -0.9058821 -0.4235294 0
0.989168 -0.06216837 0.1329713 0
-0.005508453 1.037214 1.0652 1

-0.3260215 0.6955008 0.6403037 0
-0.1420554 0.6335781 -0.7605256 0
-0.9346285 -0.3389063 -0.1077604 0
0.6855561 0.9683416 1.228724 1

0 0.9037379 -0.4280863 0
0 0.4280863 0.9037378 0
1 0 0 0
0.8337305 0.8845592 -0.0983541 1

-1 0 0 0
0 0.9999999 1.639128E-07 0
0 1.601875E-07 -1 0
0.3077696 0.967055 -0.5372314 1

-0.9999999 0 5.960464E-08 0
7.535712E-09 0.9982601 0.05896395 0
-5.912636E-08 0.05896395 -0.9982601 0
0.3077696 1.075324 1.528245 1

0 -0.9037378 0.4280863 0
0 -0.4280863 -0.9037378 0
1 0 0 0
-0.2079605 0.884559 -0.09835374 1

-0.3260213 -0.6955007 -0.6403035 0
-0.1420555 -0.6335779 0.7605255 0
-0.9346284 0.3389061 0.1077604 0
-0.05978647 0.9683419 1.228724 1

-0.2721747 0.8767078 -0.396616 0
-0.2288901 0.341359 0.911638 0
0.9346285 0.3389063 0.1077604 0
0.7344553 0.8640249 1.132687 1

-1 0 0 0
0 1 5.066395E-07 0
0 4.768372E-07 -1 0
0.8337305 0.7591657 -0.03895718 1

-1 0 0 0
0 -0.9999999 -5.066395E-07 0
0 -4.768372E-07 1 0
-0.2079605 0.7591658 -0.03895667 1

-0.2721747 -0.8767077 0.396616 0
-0.2288899 -0.341359 -0.9116378 0
0.9346284 -0.3389061 -0.1077604 0
-0.1086855 0.8640249 1.132686 1

-0.9346285 -0.3389063 -0.1077604 0
-0.3416775 0.9397847 0.007818937 0
0.09862171 0.04412717 -0.9941463 0
0.760992 0.778547 1.171356 1

-0.9346284 0.3389061 0.1077604 0
-0.3416774 -0.9397846 -0.007819116 0
0.09862147 -0.04412723 0.9941462 0
-0.1352225 0.7785471 1.171356 1

-1 0 0 0
0 0.9999943 -0.003391155 0
0 -0.003391155 -0.9999943 0
0.3128848 1.172237 0.4353862 1

-0.1477644 0.4249767 -0.8930625 0
0.003080919 0.9031681 0.4292759 0
0.9890178 0.06068024 -0.1347654 0
0.6312785 1.038908 1.065656 1

0 0.3496327 0.936887 0
0 0.9368869 -0.3496327 0
-1 0 0 0
0.8337305 0.9488868 0.07399231 1

0.064816 0.01956965 0.9977053 0
-0.001077933 0.9998085 -0.01954087 0
-0.9978966 0.0001911012 0.06482466 0
0.3077696 0.9712245 -0.1504732 1

-5.960464E-08 -0.07596261 -0.9971106 0
0 0.9971107 -0.07596261 0
0.9999999 -2.021286E-10 -5.96043E-08 0
0.3077696 1.045653 1.066516 1

0 -0.3496327 -0.936887 0
0 -0.936887 0.3496327 0
-1 0 0 0
-0.2079605 0.9488869 0.07399264 1

-0.1477644 -0.4249767 0.8930625 0
0.003080919 -0.9031682 -0.4292759 0
0.9890178 -0.06068024 0.1347655 0
-0.005508453 1.038908 1.065656 1

-0.3255951 0.6979582 0.6378421 0
-0.1391986 0.6318665 -0.7624755 0
-0.9352069 -0.3370449 -0.1085778 0
0.6857523 0.9688697 1.228619 1

0 0.9040942 -0.4273336 0
0 0.4273334 0.9040943 0
1 0 0 0
0.8337305 0.8846085 -0.09824991 1

-0.9978966 0.0001911012 0.06482466 0
3.002817E-05 0.9999969 -0.002485715 0
-0.06482496 -0.002478542 -0.9978936 0
0.2827418 0.9636679 -0.5357234 1

-0.9999999 2.021286E-10 5.96043E-08 0
7.535712E-09 0.9987134 0.05070992 0
-5.912636E-08 0.05070993 -0.9987134 0
0.3077696 1.08084 1.528403 1

0 -0.9040942 0.4273336 0
0 -0.4273334 -0.9040943 0
1 0 0 0
-0.2079605 0.8846083 -0.0982495 1

-0.3255951 -0.6979583 -0.6378421 0
-0.1391986 -0.6318665 0.7624755 0
-0.9352069 0.337045 0.1085777 0
-0.05998275 0.96887 1.228618 1

-0.2708183 0.8783444 -0.3939149 0
-0.2281356 0.3389868 0.9127119 0
0.9352071 0.337045 0.1085778 0
0.7345877 0.8641844 1.13295 1

-1 0 0 0
0 0.9999996 0.0008332711 0
0 0.0008333302 -0.9999998 0
0.8337305 0.7591655 -0.03895739 1

-1 0 0 0
0 -0.9999997 -0.0008332708 0
0 -0.00083336 0.9999998 0
-0.2079605 0.7591656 -0.03895691 1

-0.2708183 -0.8783444 0.3939149 0
-0.2281356 -0.3389868 -0.9127119 0
0.9352071 -0.337045 -0.1085778 0
-0.1088178 0.8641844 1.13295 1

-0.9352071 -0.337045 -0.1085778 0
-0.3401316 0.9403169 0.01072341 0
0.09848323 0.04695952 -0.9940307 0
0.7609921 0.778547 1.171356 1

-0.9352071 0.337045 0.1085778 0
-0.3401316 -0.940317 -0.01072362 0
0.09848316 -0.04695964 0.9940307 0
-0.1352226 0.778547 1.171356 1

-1 0 0 0
0 0.9999766 -0.006835823 0
0 -0.006835823 -0.9999769 0
0.3128848 1.17098 0.4353862 1

-0.1484602 0.4285748 -0.8912257 0
0.004820035 0.9015155 0.4327202 0
0.9889067 0.05994591 -0.135905 0
0.6312785 1.039823 1.066111 1

0 0.3363436 0.9417396 0
0 0.9417393 -0.3363436 0
-1 0 0 0
0.8337306 0.9463859 0.07476375 1

0.1274514 0.02372641 0.9915611 0
-0.002169508 0.9997181 -0.02364274 0
-0.9918426 0.0008621037 0.127467 0
0.3077696 0.9679503 -0.1497774 1

-5.960466E-08 -0.08417674 -0.996451 0
0 0.9964508 -0.08417676 0
1 -4.074468E-10 -5.960327E-08 0
0.3077696 1.04657 1.066949 1

0 -0.3363436 -0.9417396 0
0 -0.9417394 0.3363436 0
-1 0 0 0
-0.2079606 0.9463861 0.07476407 1

-0.1484602 -0.4285748 0.8912258 0
0.004820169 -0.9015154 -0.4327202 0
0.9889069 -0.05994581 0.135905 0
-0.005508542 1.039823 1.066112 1

-0.3250985 0.6987261 0.6372542 0
-0.1379823 0.631599 -0.7629179 0
-0.9355598 -0.3359531 -0.10892 0
0.6858888 0.969093 1.22873 1

0 0.9036851 -0.4281977 0
0 0.4281976 0.9036853 0
1 0 0 0
0.8337306 0.8845508 -0.09837055 1

-0.9918426 0.0008621037 0.127467 0
9.148383E-06 0.9999775 -0.006692006 0
-0.1274699 -0.006636248 -0.9918203 0
0.2585559 0.9587887 -0.5326551 1

-1 4.074468E-10 5.960327E-08 0
7.535714E-09 0.9990973 0.04247827 0
-5.912638E-08 0.04247828 -0.9990975 0
0.3077696 1.085563 1.52853 1

0 -0.9036852 0.4281977 0
0 -0.4281976 -0.9036853 0
1 0 0 0
-0.2079606 0.8845506 -0.09837013 1

-0.3250987 -0.698726 -0.6372542 0
-0.1379822 -0.6315989 0.7629181 0
-0.93556 0.3359532 0.1089203 0
-0.06011927 0.9690933 1.228729 1

-0.2701826 0.8794523 -0.3918734 0
-0.2274411 0.3371927 0.9135491 0
0.9355598 0.3359531 0.10892 0
0.7346497 0.8642925 1.133149 1

-1 0 0 0
0 0.9999999 -0.0001226421 0
0 -0.0001227334 -1 0
0.8337306 0.7591646 -0.03895819 1

-1 0 0 0
0 -1 0.0001226426 0
0 0.0001227334 1 0
-0.2079606 0.7591646 -0.03895772 1

-0.2701827 -0.8794523 0.3918736 0
-0.2274414 -0.3371926 -0.9135492 0
0.93556 -0.3359532 -0.1089203 0
-0.1088799 0.8642925 1.133149 1

-0.9355598 -0.3359531 -0.10892 0
-0.3392686 0.9406007 0.01292895 0
0.09810672 0.04904906 -0.9939666 0
0.7609922 0.778547 1.171356 1

-0.93556 0.3359532 0.1089203 0
-0.3392688 -0.9406006 -0.01292907 0
0.0981069 -0.04904921 0.9939667 0
-0.1352227 0.7785471 1.171356 1

-1 0 0 0
0 0.9999479 -0.01020495 0
0 -0.01020495 -0.999948 0
0.3128848 1.169013 0.4353862 1

-0.1488788 0.4297894 -0.8905709 0
0.005260468 0.900939 0.4339138 0
0.9888415 0.05991576 -0.1363916 0
0.6312785 1.039982 1.06655 1

0 0.319806 0.9474832 0
0 0.947483 -0.319806 0
-1 0 0 0
0.8337305 0.9432052 0.07552257 1

0.186204 0.0270638 0.9821385 0
-0.00317797 0.9996319 -0.02694334 0
-0.982506 0.001895751 0.1862215 0
0.3077696 0.9640129 -0.1490899 1

0 -0.09208995 -0.9957508 0
0 0.9957507 -0.09208997 0
1 0 0 0
0.3077696 1.046732 1.067364 1

-5.960464E-08 -0.3198063 -0.9474829 0
0 -0.9474828 0.3198063 0
-0.9999999 -6.082626E-10 -5.960155E-08 0
-0.2079605 0.9432054 0.0755229 1

-0.1488789 -0.4297893 0.8905708 0
0.005261004 -0.900939 -0.4339136 0
0.9888414 -0.05991526 0.136392 0
-0.005508453 1.039982 1.06655 1

-0.324554 0.6978827 0.6384552 0
-0.138319 0.6327199 -0.7619276 0
-0.9356993 -0.335597 -0.1088214 0
0.6859667 0.9690243 1.229043 1

0 0.9026651 -0.4303437 0
0 0.4303437 0.9026653 0
1 0 0 0
0.8337305 0.8844104 -0.09866774 1

-0.982506 0.001895751 0.1862215 0
5.003298E-06 0.9999484 -0.01015316 0
-0.1862311 -0.009974616 -0.9824555 0
0.2358694 0.9535626 -0.5283292 1

-1 0 0 0
0 0.9994032 0.03454006 0
0 0.03454003 -0.9994035 0
0.3077696 1.08939 1.528621 1

7.09688E-09 -0.9026647 0.4303443 0
-5.918064E-08 -0.4303441 -0.902665 0
0.9999999 6.082626E-10 5.960155E-08 0
-0.2079605 0.8844101 -0.09866726 1

-0.3245534 -0.6978828 -0.6384552 0
-0.1383189 -0.6327199 0.7619275 0
-0.9356993 0.3355966 0.108821 0
-0.06019717 0.9690246 1.229042 1

-0.2702205 0.8800466 -0.390511 0
-0.2268222 0.3359949 0.9141443 0
0.9356993 0.335597 0.1088214 0
0.734646 0.8643503 1.133282 1

-1 0 0 0
0 0.9999968 -0.002498795 0
0 -0.002498887 -0.999997 0
0.8337305 0.7591658 -0.03895751 1

-0.9999999 -6.082626E-10 -5.960155E-08 0
-1.892073E-08 -0.9999968 0.002499451 0
5.652186E-08 0.002499392 0.9999969 0
-0.2079605 0.7591658 -0.03895691 1

-0.2702203 -0.8800467 0.3905107 0
-0.2268216 -0.3359949 -0.9141443 0
0.9356993 -0.3355966 -0.108821 0
-0.108876 0.8643503 1.133282 1

-0.9356993 -0.335597 -0.1088214 0
-0.3390518 0.9406573 0.01441571 0
0.09752576 0.05038482 -0.9939572 0
0.7609921 0.7785469 1.171356 1

-0.9356993 0.3355966 0.108821 0
-0.3390515 -0.9406574 -0.01441625 0
0.0975253 -0.05038517 0.9939572 0
-0.1352225 0.7785469 1.171356 1

-1 0 0 0
0 0.9999106 -0.01337007 0
0 -0.01337007 -0.9999106 0
0.3128848 1.166442 0.4353862 1

-0.1490225 0.4286874 -0.8910777 0
0.004447192 0.9014214 0.43292 0
0.9888238 0.06055205 -0.1362385 0
0.6312785 1.039409 1.066955 1

-5.960464E-08 0.3007431 0.9537051 0
0 0.9537052 -0.3007431 0
-0.9999999 -7.96918E-10 -5.959932E-08 0
0.8337305 0.9394958 0.07623914 1

0.2392925 0.03004443 0.9704826 0
-0.004087375 0.9995434 -0.02993627 0
-0.970939 0.003196798 0.2393061 0
0.3077696 0.9595925 -0.148438 1

-5.960464E-08 -0.09943353 -0.9950442 0
0 0.9950442 -0.09943353 0
0.9999999 -7.96918E-10 -5.959932E-08 0
0.3077696 1.046161 1.067748 1

-5.960464E-08 -0.3007431 -0.9537051 0
0 -0.9537051 0.3007431 0
-0.9999999 -7.96918E-10 -5.959932E-08 0
-0.2079605 0.939496 0.07623947 1

-0.1490225 -0.4286874 0.8910777 0
0.004447311 -0.9014216 -0.4329199 0
0.9888238 -0.06055193 0.1362386 0
-0.005508453 1.039409 1.066955 1

-0.3239717 0.6955013 0.6413426 0
-0.1401403 0.6351458 -0.7595724 0
-0.9356297 -0.335958 -0.1083015 0
0.685987 0.9686744 1.229538 1

8.483639E-09 0.9011902 -0.4334238 0
-5.899781E-08 0.4334237 0.9011902 0
0.9999999 7.96918E-10 5.959932E-08 0
0.8337305 0.8842056 -0.09909499 1

-0.970939 0.003196798 0.2393061 0
3.094319E-06 0.999911 -0.01334487 0
-0.2393274 -0.01295632 -0.9708526 0
0.21537 0.9479912 -0.5231766 1

-0.9999999 7.96918E-10 5.959932E-08 0
7.535712E-09 0.9996309 0.02716606 0
-5.912636E-08 0.02716607 -0.9996309 0
0.3077696 1.092221 1.528678 1

8.483646E-09 -0.90119 0.4334239 0
-5.899781E-08 -0.4334238 -0.9011902 0
0.9999999 7.96918E-10 5.959932E-08 0
-0.2079605 0.8842054 -0.09909457 1

-0.3239716 -0.6955015 -0.6413425 0
-0.1401403 -0.6351458 0.7595725 0
-0.9356298 0.3359579 0.1083013 0
-0.06021741 0.9686747 1.229538 1

-0.2709063 0.8801205 -0.3898686 0
-0.2262978 0.335433 0.9144803 0
0.9356278 0.3359649 0.1082984 0
0.7345788 0.8643575 1.133344 1

-0.9999999 -7.96918E-10 -5.959932E-08 0
-1.75892E-08 0.9999825 -0.005913879 0
5.695028E-08 -0.005913789 -0.9999825 0
0.8337305 0.7591656 -0.03895742 1

-0.9999999 -7.96918E-10 -5.959932E-08 0
-1.758919E-08 -0.9999824 0.005913997 0
5.695028E-08 0.005913939 0.9999825 0
-0.2079605 0.7591658 -0.03895697 1

-0.2709063 -0.8801207 0.3898683 0
-0.2262977 -0.3354331 -0.9144801 0
0.9356276 -0.3359648 -0.1082983 0
-0.108809 0.8643575 1.133344 1

-0.9356278 -0.3359649 -0.1082984 0
-0.3394656 0.9404966 0.01513911 0
0.0967681 0.05092832 -0.9940034 0
0.7609918 0.7785469 1.171356 1

-0.9356276 0.3359648 0.1082983 0
-0.3394655 -0.9404969 -0.01513958 0
0.09676789 -0.05092853 0.9940032 0
-0.1352223 0.7785469 1.171356 1

-1 0 0 0
0 0.9998688 -0.01620196 0
0 -0.01620196 -0.9998689 0
0.3128848 1.163371 0.4353862 1

-0.1488936 0.4251265 -0.8928036 0
0.002276689 0.9030126 0.4296081 0
0.9888508 0.06193325 -0.1354207 0
0.6312785 1.038128 1.067312 1

0 0.2798805 0.960035 0
0 0.9600348 -0.2798805 0
-1 0 0 0
0.8337306 0.9354092 0.07688329 1

0.2851251 0.03260223 0.957936 0
-0.004872042 0.9994577 -0.03256524 0
-0.9584783 0.00461806 0.2851292 0
0.3077696 0.9548694 -0.1478499 1

-5.960466E-08 -0.1059375 -0.9943729 0
0 0.9943728 -0.1059375 0
1 -9.657123E-10 -5.959683E-08 0
0.3077696 1.044883 1.068086 1

0 -0.2798805 -0.960035 0
0 -0.9600348 0.2798805 0
-1 0 0 0
-0.2079606 0.9354094 0.07688361 1

-0.1488936 -0.4251266 0.8928035 0
0.002276525 -0.9030124 -0.4296082 0
0.9888508 -0.06193342 0.1354204 0
-0.005508542 1.038128 1.067312 1

-0.3233784 0.6918087 0.6456216 0
-0.1433235 0.6386009 -0.7560736 0
-0.935353 -0.3370305 -0.1073572 0
0.6859493 0.9680953 1.230212 1

0 0.8993798 -0.4371682 0
0 0.4371681 0.89938 0
1 0 0 0
0.8337306 0.8839545 -0.0996145 1

-0.9584783 0.00461806 0.2851292 0
1.89012E-06 0.9998689 -0.0161879 0
-0.2851667 -0.01551521 -0.9583526 0
0.1976724 0.9422805 -0.5177438 1

-1 9.657123E-10 5.959683E-08 0
7.535714E-09 0.9997872 0.02062939 0
-5.912638E-08 0.0206294 -0.9997873 0
0.3077696 1.093955 1.528705 1

0 -0.8993796 0.4371686 0
0 -0.4371684 -0.8993797 0
1 0 0 0
-0.2079606 0.8839543 -0.09961414 1

-0.3233785 -0.6918084 -0.6456215 0
-0.1433235 -0.6386009 0.7560735 0
-0.9353529 0.3370306 0.1073576 0
-0.06017971 0.9680955 1.230212 1

-0.2722064 0.8798622 -0.3895458 0
-0.2257485 0.3351395 0.9147236 0
0.9353832 0.336933 0.1074004 0
0.7344521 0.8643323 1.133376 1

-1 0 0 0
0 0.9999493 -0.01007278 0
0 -0.01007275 -0.9999495 0
0.8337306 0.7591657 -0.03895745 1

-1 0 0 0
0 -0.9999492 0.01007323 0
0 0.0100732 0.9999494 0
-0.2079606 0.7591658 -0.03895697 1

-0.2722065 -0.8798622 0.3895458 0
-0.2257486 -0.3351392 -0.9147235 0
0.9353831 -0.3369331 -0.1074007 0
-0.1086823 0.8643323 1.133376 1

-0.9353832 -0.336933 -0.1074004 0
-0.3404306 0.9401414 0.01553291 0
0.09573808 0.05109163 -0.9940946 0
0.7609919 0.7785469 1.171356 1

-0.9353831 0.3369331 0.1074007 0
-0.3404307 -0.9401412 -0.01553309 0
0.09573805 -0.05109199 0.9940946 0
-0.1352225 0.778547 1.171357 1

-1 0 0 0
0 0.9998275 -0.01857224 0
0 -0.01857224 -0.9998276 0
0.3128848 1.159907 0.4353862 1

-0.1485022 0.4174405 -0.8964881 0
-0.002364472 0.906387 0.4224416 0
0.9889094 0.06485327 -0.1336135 0
0.6312785 1.036162 1.067607 1

1.192093E-07 0.257971 0.9661529 0
0 0.9661527 -0.257971 0
-1 2.213983E-09 1.191887E-07 0
0.8337305 0.931096 0.07742473 1

0.3222626 0.03465877 0.9460157 0
-0.005507434 0.9993812 -0.03473779 0
-0.9466343 0.005984571 0.3222541 0
0.3077696 0.9500234 -0.147354 1

-5.960464E-08 -0.1113364 -0.9937828 0
0 0.9937828 -0.1113364 0
0.9999999 -1.106991E-09 -5.959437E-08 0
0.3077696 1.042919 1.068366 1

1.192093E-07 -0.257971 -0.9661529 0
0 -0.9661528 0.257971 0
-1 2.213983E-09 1.191887E-07 0
-0.2079605 0.9310962 0.07742506 1

-0.1485024 -0.4174404 0.8964881 0
-0.002364516 -0.9063873 -0.4224415 0
0.9889092 -0.06485335 0.1336138 0
-0.005508453 1.036162 1.067608 1

-0.3229545 0.6881081 0.6497748 0
-0.1472788 0.6416602 -0.752716 0
-0.9348845 -0.3387911 -0.1058832 0
0.6858472 0.9676429 1.231183 1

-2.323992E-08 0.8973238 -0.4413734 0
1.169221E-07 0.4413731 0.8973241 0
1 -2.213983E-09 -1.191888E-07 0
0.8337305 0.8836693 -0.1001979 1

-0.9466343 0.005984571 0.3222541 0
1.328997E-06 0.9998277 -0.01856387 0
-0.3223097 -0.01757277 -0.9464713 0
0.1833322 0.9366404 -0.512645 1

-0.9999999 1.106991E-09 5.959437E-08 0
7.535712E-09 0.9998845 0.01519927 0
-5.912636E-08 0.01519927 -0.9998846 0
0.3077696 1.094493 1.528711 1

-2.323993E-08 -0.8973238 0.4413735 0
1.16922E-07 -0.4413733 -0.8973238 0
1 -2.213983E-09 -1.191887E-07 0
-0.2079605 0.883669 -0.1001975 1

-0.3229544 -0.6881085 -0.649775 0
-0.1472791 -0.6416601 0.7527161 0
-0.9348847 0.3387912 0.1058829 0
-0.06007764 0.9676432 1.231183 1

-0.2739066 0.8809099 -0.3859703 0
-0.2240371 0.3318356 0.9163476 0
0.9352981 0.3374653 0.1064645 0
0.7342865 0.864435 1.133725 1

-1 2.213983E-09 1.191888E-07 0
2.904999E-08 0.9998912 -0.01475329 0
-1.156156E-07 -0.01475312 -0.9998916 0
0.8337305 0.7591657 -0.03895733 1

-1 2.213983E-09 1.191887E-07 0
2.904996E-08 -0.9998913 0.01475347 0
-1.156156E-07 0.01475339 0.9998915 0
-0.2079605 0.7591658 -0.03895688 1

-0.2739068 -0.8809099 0.3859702 0
-0.2240368 -0.3318359 -0.9163477 0
0.9352983 -0.3374654 -0.1064641 0
-0.1085167 0.864435 1.133724 1

-0.9352981 -0.3374653 -0.1064645 0
-0.3412892 0.9397568 0.01945991 0
0.09348366 0.05453614 -0.9941263 0
0.7609921 0.7785475 1.171356 1

-0.9352983 0.3374654 0.1064641 0
-0.3412892 -0.939757 -0.01946021 0
0.09348328 -0.05453619 0.9941265 0
-0.1352225 0.7785474 1.171356 1

-1 0 0 0
0 0.9997929 -0.02035212 0
0 -0.02035212 -0.9997931 0
0.3128848 1.156155 0.4353862 1

-0.1477959 0.4066146 -0.9015661 0
-0.008851739 0.9109966 0.4123191 0
0.9889787 0.06891955 -0.1310423 0
0.6312785 1.033536 1.067827 1

-5.960466E-08 0.2357955 0.9718028 0
0 0.9718027 -0.2357956 0
-1 -1.213081E-09 -5.959231E-08 0
0.8337306 0.9267068 0.07783261 1

0.3493764 0.03614938 0.9362851 0
-0.005971493 0.9993212 -0.03635489 0
-0.9369637 0.00711052 0.3493551 0
0.3077696 0.945234 -0.1469795 1

1.192093E-07 -0.1153613 -0.9933239 0
0 0.9933236 -0.1153614 0
1 2.426161E-09 1.191846E-07 0
0.3077696 1.040293 1.068573 1

-5.960466E-08 -0.2357956 -0.9718028 0
0 -0.9718026 0.2357957 0
-1 -1.213081E-09 -5.959231E-08 0
-0.2079606 0.926707 0.07783294 1

-0.1477961 -0.4066145 0.901566 0
-0.008852007 -0.9109966 -0.412319 0
0.9889784 -0.06891979 0.1310424 0
-0.005508542 1.033536 1.067827 1

-0.3226346 0.6838973 0.6543636 0
-0.152283 0.6448224 -0.7490091 0
-0.9341936 -0.3413046 -0.1038961 0
0.6856751 0.9671453 1.232335 1

1.324966E-08 0.8950726 -0.4459203 0
-5.811335E-08 0.4459202 0.8950728 0
1 1.213081E-09 5.959231E-08 0
0.8337306 0.8833569 -0.1008286 1

-0.9369637 0.00711052 0.3493551 0
7.529745E-07 0.999793 -0.02034705 0
-0.3494275 -0.01906418 -0.9367698 0
0.1728626 0.9312754 -0.5085132 1

-1 -2.426161E-09 -1.191846E-07 0
-1.507143E-08 0.9999378 0.01114856 0
1.182528E-07 0.01114853 -0.9999382 0
0.3077695 1.093732 1.528706 1

1.32497E-08 -0.8950723 0.445921 0
-5.811335E-08 -0.4459208 -0.8950726 0
1 1.213081E-09 5.959231E-08 0
-0.2079606 0.8833567 -0.1008283 1

-0.3226348 -0.6838973 -0.6543635 0
-0.1522832 -0.6448222 0.749009 0
-0.9341933 0.3413048 0.103896 0
-0.05990559 0.9671457 1.232335 1

-0.276159 0.8822783 -0.3812106 0
-0.2217755 0.3274342 0.9184788 0
0.9351754 0.3381892 0.1052438 0
0.7340665 0.8645689 1.134189 1

-1 -1.213081E-09 -5.959231E-08 0
-1.290334E-08 0.9998034 -0.01982618 0
5.819123E-08 -0.01982621 -0.9998036 0
0.8337306 0.7591657 -0.03895727 1

-1 -1.213081E-09 -5.959231E-08 0
-1.29033E-08 -0.9998034 0.01982694 0
5.819124E-08 0.01982687 0.9998037 0
-0.2079606 0.7591658 -0.03895673 1

-0.2761593 -0.8822781 0.3812105 0
-0.2217755 -0.3274343 -0.9184787 0
0.9351751 -0.3381895 -0.1052437 0
-0.1082966 0.864569 1.134188 1

-0.9351754 -0.3381892 -0.1052438 0
-0.3424289 0.9392198 0.02467493 0
0.09050217 0.05911399 -0.9941409 0
0.7609916 0.7785481 1.171356 1

-0.9351751 0.3381895 0.1052437 0
-0.3424292 -0.9392197 -0.0246752 0
0.09050197 -0.05911417 0.9941407 0
-0.1352222 0.7785481 1.171356 1

-1 0 0 0
0 0.9997707 -0.02141474 0
0 -0.02141474 -0.9997706 0
0.3128848 1.15222 0.4353862 1

-0.1467321 0.3930406 -0.9077383 0
-0.01696236 0.9165363 0.3995918 0
0.9890308 0.07403033 -0.1278184 0
0.6312785 1.030273 1.067956 1

0 0.2141642 0.9767976 0
0 0.9767976 -0.2141642 0
-1 0 0 0
0.8337305 0.9223918 0.07807675 1

0.3651835 0.03701697 0.9301992 0
-0.006242224 0.9992841 -0.03731557 0
-0.9309146 0.007820515 0.365153 0
0.3077696 0.9406801 -0.1467548 1

-5.960464E-08 -0.1177522 -0.9930429 0
0 0.993043 -0.1177522 0
0.9999999 -1.276418E-09 -5.959097E-08 0
0.3077696 1.037031 1.068696 1

0 -0.2141642 -0.9767976 0
0 -0.9767978 0.2141642 0
-1 0 0 0
-0.2079605 0.922392 0.07807708 1

-0.1467321 -0.3930407 0.9077382 0
-0.01696254 -0.9165362 -0.399592 0
0.9890309 -0.07403053 0.1278183 0
-0.005508453 1.030273 1.067957 1

-0.3224207 0.6791007 0.6594447 0
-0.1584198 0.6481116 -0.7448856 0
-0.9332461 -0.3446356 -0.1013815 0
0.6854258 0.9665507 1.233598 1

0 0.892635 -0.4507802 0
0 0.4507803 0.892635 0
1 0 0 0
0.8337305 0.8830187 -0.1015028 1

-0.9309146 0.007820515 0.365153 0
2.28174E-07 0.9997707 -0.0214116 0
-0.3652368 -0.01993228 -0.9307012 0
0.166759 0.9263865 -0.5059386 1

-0.9999999 1.276418E-09 5.959097E-08 0
7.535712E-09 0.9999618 0.008741383 0
-5.912636E-08 0.008741377 -0.9999617 0
0.3077696 1.091577 1.528698 1

0 -0.892635 0.4507806 0
0 -0.4507806 -0.8926349 0
1 0 0 0
-0.2079605 0.8830185 -0.1015024 1

-0.3224207 -0.6791006 -0.6594449 0
-0.1584198 -0.6481119 0.7448855 0
-0.9332461 0.3446355 0.1013816 0
-0.05965617 0.966551 1.233598 1

-0.2790544 0.8835708 -0.3760736 0
-0.21919 0.3226838 0.9207774 0
0.9349251 0.3393785 0.1036235 0
0.733785 0.8646938 1.13469 1

-1 0 0 0
0 0.9996808 -0.02526192 0
0 -0.02526201 -0.9996808 0
0.8337305 0.7591658 -0.03895712 1

-1 0 0 0
0 -0.9996809 0.02526228 0
0 0.02526231 0.9996808 0
-0.2079605 0.7591658 -0.03895664 1

-0.2790543 -0.883571 0.3760736 0
-0.2191901 -0.3226837 -0.9207777 0
0.9349253 -0.3393785 -0.1036237 0
-0.1080151 0.8646938 1.134689 1

-0.9349251 -0.3393785 -0.1036235 0
-0.3440246 0.9384716 0.03030284 0
0.08696359 0.06397998 -0.994155 0
0.7609924 0.7785468 1.171356 1

-0.9349253 0.3393785 0.1036237 0
-0.3440246 -0.9384717 -0.03030296 0
0.08696362 -0.06398033 0.9941553 0
-0.1352229 0.7785468 1.171356 1

-1 0 0 0
0 0.9997665 -0.02160812 0
0 -0.02160812 -0.9997666 0
0.3128848 1.148207 0.4353862 1

-0.1452422 0.3766935 -0.9148809 0
-0.02673417 0.9228542 0.3842206 0
0.989035 0.08026366 -0.1239668 0
0.6312785 1.026383 1.06798 1

1.192093E-07 0.1939805 0.9810055 0
0 0.9810054 -0.1939805 0
-1 2.575889E-09 1.191815E-07 0
0.8337305 0.91831 0.07812116 1

0.3681749 0.0371728 0.9290133 0
-0.006293252 0.9992772 -0.03749023 0
-0.9297352 0.007956449 0.3681427 0
0.3077696 0.9365548 -0.146714 1

1.192093E-07 -0.1181716 -0.9929934 0
0 0.9929932 -0.1181716 0
1 2.575889E-09 1.191815E-07 0
0.3077696 1.033141 1.068718 1

1.192093E-07 -0.1939805 -0.9810055 0
0 -0.9810055 0.1939805 0
-1 2.575889E-09 1.191815E-07 0
-0.2079605 0.9183102 0.07812148 1

-0.1452423 -0.3766935 0.9148808 0
-0.02673416 -0.9228542 -0.3842206 0
0.9890348 -0.08026366 0.1239669 0
-0.005508453 1.026382 1.067981 1

-0.3223443 0.6738514 0.6648448 0
-0.1657083 0.6513214 -0.7404873 0
-0.932006 -0.3488621 -0.09828698 0
0.6850856 0.9658735 1.234933 1

-3.27515E-08 0.8899611 -0.4560369 0
1.14622E-07 0.4560366 0.8899613 0
1 -2.57589E-09 -1.191815E-07 0
0.8337305 0.8826476 -0.102232 1

-0.9297352 0.007956449 0.3681427 0
3.362074E-07 0.9997665 -0.02160651 0
-0.3682287 -0.02008821 -0.9295183 0
0.1656039 0.922201 -0.5054396 1

-1 -2.575889E-09 -1.191815E-07 0
-1.507142E-08 0.9999654 0.008319087 0
1.182527E-07 0.008319076 -0.9999656 0
0.3077695 1.087881 1.528697 1

-3.275154E-08 -0.8899609 0.4560373 0
1.146219E-07 -0.4560372 -0.8899609 0
1 -2.575889E-09 -1.191815E-07 0
-0.2079605 0.8826474 -0.1022317 1

-0.3223439 -0.6738515 -0.6648449 0
-0.1657084 -0.6513214 0.7404872 0
-0.9320061 0.3488619 0.0982866 0
-0.05931604 0.9658738 1.234933 1

-0.2826588 0.8846963 -0.3706976 0
-0.2162847 0.3177227 0.9231867 0
0.9345188 0.341123 0.1015392 0
0.7334334 0.8648039 1.135214 1

-1 2.57589E-09 1.191815E-07 0
1.946938E-08 0.9995145 -0.03115712 0
-1.176087E-07 -0.03115693 -0.9995148 0
0.8337305 0.7591656 -0.03895688 1

-1 2.575889E-09 1.191815E-07 0
1.946933E-08 -0.9995146 0.0311576 0
-1.176087E-07 0.03115757 0.9995146 0
-0.2079605 0.7591658 -0.03895646 1

-0.2826586 -0.8846963 0.3706978 0
-0.2162844 -0.317723 -0.9231868 0
0.9345189 -0.3411228 -0.1015388 0
-0.1076635 0.8648038 1.135214 1

-0.9345188 -0.341123 -0.1015392 0
-0.3461384 0.9374851 0.03619393 0
0.08284481 0.06897055 -0.9941732 0
0.7609922 0.7785472 1.171357 1

-0.9345189 0.3411228 0.1015388 0
-0.3461381 -0.9374853 -0.03619396 0
0.08284454 -0.06897046 0.9941735 0
-0.1352226 0.7785471 1.171357 1

-1 0 0 0
0 0.9997849 -0.0207374 0
0 -0.0207374 -0.9997852 0
0.3128848 1.144222 0.4353862 1

-0.1432332 0.3574675 -0.9228768 0
-0.03826375 0.9297941 0.3660857 0
0.9889493 0.08774833 -0.1194994 0
0.6312785 1.021847 1.067874 1

0 0.1762833 0.9843397 0
0 0.9843394 -0.1762833 0
-1 0 0 0
0.8337306 0.9146364 0.07792103 1

0.3567872 0.03645714 0.9334745 0
-0.006098791 0.9993078 -0.03669725 0
-0.9341663 0.00740004 0.3567625 0
0.3077696 0.933077 -0.1468982 1

-5.960466E-08 -0.1161095 -0.9932365 0
0 0.9932364 -0.1161095 0
1 -1.236045E-09 -5.959184E-08 0
0.3077696 1.028605 1.068617 1

0 -0.1762834 -0.9843397 0
-4.172326E-07 -0.9843395 0.1762834 0
-1 4.171428E-07 -8.652318E-09 0
-0.2079606 0.9146366 0.07792136 1

-0.1432333 -0.3574675 0.9228767 0
-0.03826355 -0.9297941 -0.3660857 0
0.9889492 -0.08774817 0.1194995 0
-0.005508542 1.021847 1.067874 1

-0.322467 0.6682733 0.6703925 0
-0.1742164 0.6542268 -0.7359594 0
-0.9304109 -0.3541158 -0.09454235 0
0.6846358 0.9651176 1.236292 1

0 0.8869342 -0.4618961 0
0 0.4618958 0.8869345 0
1 0 0 0
0.8337306 0.8822277 -0.103045 1

-0.9341663 0.00740004 0.3567625 0
1.345761E-07 0.9997849 -0.02073739 0
-0.3568393 -0.01937213 -0.9339653 0
0.1700011 0.9189996 -0.5073466 1

-1 1.236045E-09 5.959184E-08 0
7.535714E-09 0.9999459 0.01039537 0
-5.912638E-08 0.01039537 -0.9999461 0
0.3077696 1.08239 1.52871 1

-3.982355E-07 -0.8869341 0.4618964 0
-1.244651E-07 -0.4618963 -0.8869342 0
1 -4.171428E-07 8.652318E-09 0
-0.2079606 0.8822274 -0.1030447 1

-0.322466 -0.6682737 -0.6703926 0
-0.1742162 -0.654227 0.7359592 0
-0.9304112 0.3541149 0.094542 0
-0.05886623 0.9651179 1.236291 1

-0.2870852 0.8855187 -0.3652927 0
-0.2130901 0.3127525 0.9256236 0
0.9339035 0.3435729 0.09890863 0
0.7330019 0.8648846 1.135741 1

-1 0 0 0
0 0.9992872 -0.03774805 0
0 -0.03774791 -0.9992877 0
0.8337306 0.7591656 -0.03895709 1

-1 4.171428E-07 -8.652318E-09 0
-4.131822E-07 -0.9992874 0.03774842 0
-5.799552E-08 0.03774843 0.9992875 0
-0.2079606 0.7591656 -0.03895661 1

-0.2870846 -0.885519 0.3652928 0
-0.2130895 -0.312753 -0.9256236 0
0.9339038 -0.3435721 -0.09890823 0
-0.107232 0.8648845 1.13574 1

-0.9339035 -0.3435729 -0.09890863 0
-0.3488859 0.9362181 0.0421227 0
0.07812788 0.07384641 -0.994205 0
0.7609924 0.7785478 1.171356 1

-0.9339038 0.3435721 0.09890823 0
-0.3488851 -0.9362184 -0.04212269 0
0.07812744 -0.07384624 0.9942051 0
-0.1352227 0.7785476 1.171356 1

-1 0 0 0
0 0.9998227 -0.01882985 0
0 -0.01882985 -0.9998229 0
0.3128848 1.140371 0.4353862 1

-0.140682 0.3358768 -0.9313408 0
-0.05129234 0.9369601 0.3456513 0
0.9887255 0.09639752 -0.1145855 0
0.6312785 1.016789 1.067639 1

0 0.1616169 0.9868538 0
0 0.9868536 -0.1616169 0
-1 0 0 0
0.8337306 0.9114673 0.07748368 1

0.3317661 0.03484875 0.9427181 0
-0.00567122 0.999373 -0.03494724 0
-0.943345 0.006247944 0.3317558 0
0.3077696 0.9303368 -0.1472999 1

0 -0.1115803 -0.9937556 0
0 0.9937554 -0.1115804 0
1 0 0 0
0.3077696 1.023545 1.068396 1

0 -0.161617 -0.9868538 0
0 -0.9868537 0.161617 0
-1 0 0 0
-0.2079606 0.9114675 0.07748401 1

-0.1406823 -0.3358768 0.9313407 0
-0.05129309 -0.93696 -0.3456514 0
0.9887254 -0.09639829 0.1145854 0
-0.005508542 1.016789 1.067639 1

-0.3228255 0.6626192 0.6758105 0
-0.1837736 0.6565667 -0.7315378 0
-0.9284458 -0.360355 -0.09018455 0
0.6840724 0.9643067 1.237604 1

0 0.8835282 -0.4683782 0
0 0.468378 0.8835284 0
1 0 0 0
0.8337306 0.8817548 -0.1039447 1

-0.943345 0.006247944 0.3317558 0
-5.122275E-09 0.9998226 -0.01882964 0
-0.3318146 -0.01776286 -0.9431776 0
0.1796626 0.9168804 -0.5113176 1

-1 0 0 0
0 0.9998882 0.01495379 0
0 0.01495377 -0.9998884 0
0.3077696 1.075232 1.528728 1

0 -0.883528 0.4683784 0
0 -0.4683785 -0.8835281 0
1 0 0 0
-0.2079606 0.8817545 -0.1039444 1

-0.3228255 -0.662619 -0.6758104 0
-0.183774 -0.6565667 0.7315376 0
-0.9284455 0.3603552 0.09018438 0
-0.05830282 0.964307 1.237604 1

-0.292316 0.8859074 -0.3601656 0
-0.2097074 0.3080681 0.9279641 0
0.933046 0.3467881 0.0957281 0
0.7324923 0.8649217 1.136241 1

-1 0 0 0
0 0.998984 -0.04506432 0
0 -0.04506417 -0.9989844 0
0.8337306 0.7591654 -0.03895718 1

-1 0 0 0
0 -0.9989842 0.04506459 0
0 0.04506467 0.9989843 0
-0.2079606 0.7591655 -0.03895676 1

-0.2923163 -0.8859071 0.3601663 0
-0.2097075 -0.3080685 -0.9279636 0
0.9330456 -0.3467883 -0.09572796 0
-0.1067225 0.8649217 1.136241 1

-0.933046 -0.3467881 -0.0957281 0
-0.352292 0.9346707 0.04775843 0
0.07291225 0.0782849 -0.9942614 0
0.7609928 0.7785469 1.171357 1

-0.9330456 0.3467883 0.09572796 0
-0.3522923 -0.9346707 -0.0477579 0
0.07291213 -0.0782846 0.9942613 0
-0.1352233 0.7785469 1.171357 1

-1 0 0 0
0 0.9998711 -0.01605555 0
0 -0.01605555 -0.9998713 0
0.3128848 1.136758 0.4353862 1

-0.1376326 0.3128235 -0.9397867 0
-0.06532529 0.9438834 0.3237542 0
0.9883271 0.105951 -0.1094739 0
0.6312785 1.011422 1.067294 1

-5.960466E-08 0.1501833 0.9886583 0
0 0.9886582 -0.1501833 0
-1 -9.569854E-10 -5.959697E-08 0
0.8337306 0.9088482 0.07684991 1

0.2949592 0.03242382 0.9549598 0
-0.005041294 0.999463 -0.03237774 0
-0.9554969 0.004735877 0.2949643 0
0.3077696 0.9283414 -0.1478804 1

-5.960466E-08 -0.1049899 -0.9944735 0
0 0.9944733 -0.1049899 0
1 -9.569854E-10 -5.959697E-08 0
0.3077696 1.018176 1.068069 1

-5.960466E-08 -0.1501836 -0.9886582 0
0 -0.988658 0.1501837 0
-1 -9.569854E-10 -5.959697E-08 0
-0.2079606 0.9088485 0.07685024 1

-0.1376328 -0.3128236 0.9397866 0
-0.06532571 -0.9438833 -0.3237543 0
0.988327 -0.1059514 0.1094739 0
-0.005508542 1.011422 1.067294 1

-0.3234346 0.6571779 0.680814 0
-0.1940376 0.6581343 -0.7274674 0
-0.9261427 -0.3673915 -0.08534621 0
0.6834059 0.9634784 1.238799 1

2.013518E-08 0.8798048 -0.4753354 0
-5.610072E-08 0.4753353 0.8798048 0
1 9.569854E-10 5.959697E-08 0
0.8337306 0.8812377 -0.1049101 1

-0.9554969 0.004735877 0.2949643 0
7.450582E-07 0.9998711 -0.01605129 0
-0.2950023 -0.01533674 -0.9553738 0
0.1938751 0.9158214 -0.5166251 1

-1 9.569854E-10 5.959697E-08 0
7.535714E-09 0.999767 0.02158209 0
-5.912638E-08 0.02158209 -0.9997672 0
0.3077696 1.06681 1.528734 1

2.013522E-08 -0.8798041 0.4753363 0
-5.61007E-08 -0.4753362 -0.8798043 0
1 9.569854E-10 5.959697E-08 0
-0.2079606 0.8812375 -0.1049098 1

-0.323434 -0.6571778 -0.6808144 0
-0.1940378 -0.6581345 0.7274671 0
-0.9261429 0.3673912 0.08534572 0
-0.05763632 0.9634787 1.238798 1

-0.2982155 0.8857802 -0.3556137 0
-0.2062842 0.3039514 0.9300868 0
0.9319419 0.3507237 0.09207945 0
0.7319171 0.8649097 1.136685 1

-1 -9.569854E-10 -5.959697E-08 0
-5.81905E-09 0.9985974 -0.05294576 0
5.931993E-08 -0.05294571 -0.9985976 0
0.8337306 0.759165 -0.03895742 1

-1 -9.569854E-10 -5.959697E-08 0
-5.819011E-09 -0.9985971 0.05294674 0
5.931993E-08 0.05294684 0.9985974 0
-0.2079606 0.759165 -0.03895691 1

-0.2982154 -0.88578 0.3556139 0
-0.2062838 -0.3039519 -0.9300866 0
0.9319418 -0.3507234 -0.09207889 0
-0.1061473 0.8649096 1.136684 1

-0.9319419 -0.3507237 -0.09207945 0
-0.3562928 0.9328825 0.05278007 0
0.0673881 0.0819952 -0.9943524 0
0.7609928 0.7785473 1.171357 1

-0.9319418 0.3507234 0.09207889 0
-0.3562925 -0.9328826 -0.05277986 0
0.06738766 -0.08199481 0.9943523 0
-0.1352232 0.7785473 1.171357 1

-1 0 0 0
0 0.999921 -0.0125715 0
0 -0.0125715 -0.9999213 0
0.3128848 1.133489 0.4353862 1

-0.134158 0.2891922 -0.9478239 0
-0.07985089 0.950205 0.3012213 0
0.9877378 0.1160958 -0.1043853 0
0.6312785 1.005952 1.066854 1

0 0.142199 0.9898384 0
0 0.9898381 -0.1421991 0
-1 0 0 0
0.8337306 0.9068298 0.07605788 1

0.2481236 0.0292449 0.9682872 0
-0.004238291 0.9995674 -0.0291036 0
-0.9687194 0.003117407 0.2481403 0
0.3077696 0.9271059 -0.1486033 1

0 -0.09670717 -0.9953133 0
0 0.9953129 -0.0967072 0
1 0 0 0
0.3077696 1.012704 1.067652 1

-5.960466E-08 -0.1421994 -0.9898384 0
-4.172326E-07 -0.989838 0.1421994 0
-1 4.164502E-07 -6.484519E-08 0
-0.2079606 0.90683 0.07605821 1

-0.1341579 -0.2891922 0.947824 0
-0.07985166 -0.9502053 -0.3012214 0
0.9877378 -0.1160965 0.1043853 0
-0.005508542 1.005952 1.066854 1

-0.3243083 0.6521955 0.6851758 0
-0.2046283 0.6588052 -0.7239498 0
-0.9235542 -0.374989 -0.08019838 0
0.6826527 0.9626651 1.239818 1

0 0.8758385 -0.4826045 0
0 0.4826043 0.8758388 0
1 0 0 0
0.8337306 0.8806872 -0.1059191 1

-0.9687194 0.003117407 0.2481403 0
3.137626E-06 0.9999213 -0.01254985 0
-0.2481598 -0.0121565 -0.9686432 0
0.21196 0.9158134 -0.5224941 1

-1 0 0 0
0 0.9995527 0.02990455 0
0 0.02990453 -0.9995531 0
0.3077696 1.057501 1.528706 1

-3.69298E-07 -0.8758382 0.4826052 0
-2.031126E-07 -0.4826049 -0.8758386 0
1 -4.164502E-07 6.484519E-08 0
-0.2079606 0.8806869 -0.1059188 1

-0.3243083 -0.6521957 -0.685176 0
-0.2046282 -0.6588054 0.7239497 0
-0.923554 0.3749891 0.08019821 0
-0.05688313 0.9626654 1.239818 1

-0.3045964 0.8851039 -0.3518699 0
-0.202982 0.3006176 0.9318953 0
0.9306024 0.3552749 0.08809312 0
0.731295 0.8648436 1.13705 1

-1 0 0 0
0 0.9981248 -0.06121299 0
0 -0.06121301 -0.998125 0
0.8337306 0.7591648 -0.0389578 1

-1 4.164502E-07 -6.484519E-08 0
-4.206984E-07 -0.9981247 0.06121363 0
2.546895E-08 0.06121353 0.9981251 0
-0.2079606 0.7591648 -0.03895733 1

-0.3045963 -0.885104 0.3518701 0
-0.2029828 -0.300618 -0.9318949 0
0.9306018 -0.3552752 -0.0880934 0
-0.1055252 0.8648436 1.137049 1

-0.9306024 -0.3552749 -0.08809312 0
-0.3607825 0.9309106 0.0569359 0
0.06177896 0.08476689 -0.9944846 0
0.7609928 0.7785473 1.171357 1

-0.9306018 0.3552752 0.0880934 0
-0.3607828 -0.9309109 -0.05693552 0
0.06177957 -0.08476686 0.9944844 0
-0.1352233 0.7785472 1.171357 1

-1 0 0 0
0 0.9999636 -0.008535847 0
0 -0.008535847 -0.9999635 0
0.3128848 1.130669 0.4353862 1

-0.1303679 0.2658665 -0.9551539 0
-0.09432808 0.9556799 0.2788877 0
0.9869683 0.1264559 -0.09951134 0
0.6312785 1.000585 1.066333 1

1.192093E-07 0.1378625 0.9904514 0
0 0.9904513 -0.1378625 0
-1 1.017552E-09 1.192049E-07 0
0.8337305 0.9054622 0.0751462 1

0.1931484 0.02535558 0.9808419 0
-0.003290913 0.9996772 -0.02519444 0
-0.9811642 0.001638399 0.1931694 0
0.3077696 0.9266448 -0.1494312 1

-1.192093E-07 -0.08710524 -0.996199 0
0 0.9961991 -0.08710523 0
0.9999999 -1.017552E-09 -1.192049E-07 0
0.3077696 1.007333 1.067159 1

1.192093E-07 -0.1378629 -0.9904514 0
0 -0.9904516 0.1378629 0
-1 1.017552E-09 1.192049E-07 0
-0.2079605 0.9054624 0.07514653 1

-0.1303678 -0.2658663 0.9551541 0
-0.09432826 -0.9556801 -0.2788874 0
0.9869684 -0.126456 0.09951128 0
-0.005508453 1.000584 1.066334 1

-0.325446 0.6478647 0.6887352 0
-0.2151257 0.6585553 -0.721128 0
-0.9207637 -0.382853 -0.07495188 0
0.6818371 0.9618989 1.240623 1

-4.352681E-08 0.8717297 -0.4899869 0
1.109787E-07 0.4899869 0.8717298 0
1 -1.017552E-09 -1.192049E-07 0
0.8337305 0.8801168 -0.1069435 1

-0.9811642 0.001638399 0.1931694 0
1.076702E-05 0.9999645 -0.008426677 0
-0.1931764 -0.008265878 -0.9811293 0
0.2331879 0.9168541 -0.5281698 1

-0.9999999 1.017552E-09 1.192049E-07 0
1.507142E-08 0.9992179 0.03954145 0
-1.182527E-07 0.03954146 -0.9992179 0
0.3077696 1.047682 1.528624 1

-4.352687E-08 -0.8717296 0.4899877 0
1.109787E-07 -0.4899877 -0.8717294 0
1 -1.017552E-09 -1.192049E-07 0
-0.2079605 0.8801165 -0.1069432 1

-0.3254455 -0.6478651 -0.6887353 0
-0.2151252 -0.6585555 0.7211283 0
-0.9207642 0.3828524 0.07495175 0
-0.05606744 0.9618993 1.240623 1

-0.3112111 0.883906 -0.3490814 0
-0.1999632 0.2981941 0.9333246 0
0.9290652 0.3602645 0.08394744 0
0.7306501 0.864727 1.137321 1

-1 1.017552E-09 1.192049E-07 0
8.171686E-09 0.9975719 -0.06964371 0
-1.189289E-07 -0.06964375 -0.997572 0
0.8337305 0.7591645 -0.03895792 1

-1 1.017552E-09 1.192049E-07 0
8.171625E-09 -0.9975721 0.06964456 0
-1.189289E-07 0.06964456 0.9975719 0
-0.2079605 0.7591645 -0.03895745 1

-0.3112106 -0.883906 0.3490826 0
-0.199964 -0.2981952 -0.9333245 0
0.9290656 -0.3602644 -0.08394771 0
-0.1048801 0.864727 1.137321 1

-0.9290652 -0.3602645 -0.08394744 0
-0.3656011 0.9288316 0.06006449 0
0.05633391 0.08649511 -0.9946582 0
0.7609927 0.7785474 1.171356 1

-0.9290656 0.3602644 0.08394771 0
-0.3656009 -0.9288321 -0.06006346 0
0.05633469 -0.08649429 0.9946585 0
-0.1352231 0.7785473 1.171356 1

-1 0 0 0
0 0.9999916 -0.004105897 0
0 -0.004105897 -0.9999917 0
0.3128848 1.128404 0.4353862 1

-0.1264174 0.2437362 -0.9615673 0
-0.1081769 0.9601756 0.2576055 0
0.9860612 0.1365852 -0.09501626 0
0.6312785 0.9955258 1.065751 1

0 0.1373457 0.9905233 0
0 0.9905232 -0.1373457 0
-1 0 0 0
0.8337305 0.9047953 0.07415199 1

0.1321527 0.02018126 0.991024 0
-0.00219382 0.9997962 -0.02006735 0
-0.991227 0.0004778262 0.1321701 0
0.3077696 0.9269725 -0.1503294 1

0 -0.0765561 -0.9970653 0
0 0.9970652 -0.07655611 0
1 0 0 0
0.3077696 1.00227 1.066607 1

1.192093E-07 -0.1373462 -0.9905233 0
0 -0.9905233 0.1373462 0
-1 4.89461E-10 1.192083E-07 0
-0.2079605 0.9047955 0.07415232 1

-0.1264176 -0.2437359 0.9615672 0
-0.1081778 -0.9601754 -0.2576053 0
0.9860609 -0.1365861 0.09501614 0
-0.005508453 0.9955256 1.065751 1

-0.3268241 0.6443247 0.6913984 0
-0.2250738 0.6574593 -0.7190892 0
-0.9178932 -0.3906313 -0.06985293 0
0.6809925 0.9612088 1.241195 1

0 0.86761 -0.4972455 0
0 0.4972454 0.8676101 0
1 0 0 0
0.8337305 0.8795449 -0.1079509 1

-0.991227 0.0004778262 0.1321701 0
6.519095E-05 0.9999951 -0.003126315 0
-0.1321709 -0.003090274 -0.9912223 0
0.2567406 0.9191799 -0.5329996 1

-1 0 0 0
0 0.9987434 0.05011545 0
0 0.05011545 -0.9987435 0
0.3077696 1.037733 1.528473 1

-4.450932E-08 -0.8676095 0.4972465 0
1.105883E-07 -0.4972466 -0.8676095 0
1 -4.89461E-10 -1.192083E-07 0
-0.2079605 0.8795446 -0.1079506 1

-0.3268239 -0.6443248 -0.6913984 0
-0.2250741 -0.6574592 0.719089 0
-0.9178932 0.3906313 0.06985275 0
-0.05522296 0.9612091 1.241195 1

-0.317754 0.8822727 -0.3473147 0
-0.1973826 0.2967239 0.9343423 0
0.9274012 0.365445 0.0798601 0
0.7300122 0.8645678 1.137493 1

-1 0 0 0
0 0.9969559 -0.07796712 0
0 -0.07796716 -0.996956 0
0.8337305 0.7591642 -0.03895819 1

-1 4.89461E-10 1.192083E-07 0
7.116636E-09 -0.996956 0.07796831 0
-1.189967E-07 0.07796838 0.9969559 0
-0.2079605 0.7591642 -0.03895769 1

-0.3177542 -0.882272 0.3473153 0
-0.1973832 -0.2967245 -0.9343417 0
0.9274008 -0.3654452 -0.0798604 0
-0.1042424 0.8645678 1.137493 1

-0.9274012 -0.365445 -0.0798601 0
-0.370532 0.926742 0.06209226 0
0.05131841 0.08717512 -0.9948708 0
0.7609928 0.7785475 1.171356 1

-0.9274008 0.3654452 0.0798604 0
-0.3705324 -0.9267417 -0.06209156 0
0.05131874 -0.08717455 0.9948705 0
-0.1352234 0.7785475 1.171356 1

-1 0 0 0
0 0.9999998 0.0005606371 0
0 0.0005606371 -1 0
0.3128848 1.126799 0.4353862 1

-0.1225074 0.223694 -0.9669299 0
-0.1207821 0.9636661 0.2382419 0
0.985091 0.1459742 -0.09103802 0
0.6312785 0.9909806 1.065124 1

-1.192093E-07 0.1407891 0.9900396 0
0 0.9900395 -0.1407892 0
-1 6.683315E-11 -1.192093E-07 0
0.8337306 0.9048784 0.07311243 1

0.06557061 0.02536661 0.9975258 0
-0.001425363 0.9996782 -0.02532766 0
